16875
15445
15224
15049
14947
14903
14813
14738
14670
14624
14588
14538
14514
14513
14510
14510
14463
14453
14427
14398
14396
14383
14366
14356
14356
14346
14346
14343
14339
14339
14326
14326
14314
14304
14304
14304
14301
14297
14294
14294
14284
14261
14254
14254
14248
14248
14245
14245
14245
14244
14244
14244
14242
14242
14242
14242
14241
14241
14236
14236
14232
14222
14222
14221
14221
14219
14216
14216
14216
14216
14216
14216
14216
14207
14191
14191
14191
14191
14190
14172
14172
14172
14172
14172
14142
14138
14131
14131
14131
14131
14117
14112
14112
14112
14112
14112
14112
14112
14110
14110
14110
14104
14104
14104
14101
14100
14096
14083
14083
14083
14078
14078
14069
14069
14063
14063
14063
14061
14061
14048
14048
14048
14031
14031
14031
14031
14031
14031
14022
14018
14018
14018
14018
14018
14018
14018
14018
14014
14014
14014
14014
14014
14010
14010
14006
14006
14001
14000
14000
14000
14000
13999
13999
13999
13995
13995
13995
13993
13992
13985
13973
13969
13969
13968
13968
13968
13964
13959
13959
13959
13959
13959
13959
13948
13941
13941
13941
13940
13940
13939
13939
13939
13939
13939
13939
13939
13938
13935
13935
13931
13931
13931
13931
13931
13931
13931
13931
13931
13931
13926
13919
13919
13919
13919
13919
13919
13919
13919
13919
13919
13919
13919
13919
13915
13915
13912
13912
13908
13908
13908
13908
13908
13908
13908
13908
13905
13905
13900
13900
13900
13900
13900
13900
13900
13900
13898
13898
13898
13898
13898
13893
13887
13887
13887
13887
13887
13887
13887
13887
13887
13887
13887
13887
13886
13886
13886
13886
13886
13886
13886
13886
13886
13886
13886
13886
13886
13886
13886
13886
13885
13884
13882
13875
13875
13875
13875
13870
13870
13870
13870
13870
13870
13866
13864
13864
13847
13847
13847
13847
13847
13847
13847
13847
13847
13843
13843
13843
13843
13843
13843
13840
13840
13835
13835
13835
13835
13833
13831
13831
13831
13831
13827
13827
13827
13827
13827
13827
13827
13827
13827
13827
13827
13827
13827
13827
13827
13827
13827
13827
13827
13827
13827
13827
13827
13827
13827
13827
13827
13827
13827
13827
13827
13827
13827
13827
13827
13827
13827
13827
13827
13827
13827
13827
13827
13827
13817
13817
13817
13817
13817
13817
13817
13817
13817
13817
13817
13816
13816
13816
13816
13816
13811
13811
13811
13811
13811
13811
13811
13811
13811
13811
13811
13811
13811
13811
13811
13811
13811
13811
13811
13811
13808
13808
13806
13806
13806
13806
13806
13806
13806
13806
13806
13806
13806
13806
13802
13802
13802
13802
13802
13802
13801
13801
13801
13801
13801
13801
13801
13801
13801
13801
13801
13801
13801
13801
13798
13798
13798
13798
13798
13798
13797
13797
13797
13797
13797
13797
13797
13797
13795
13795
13795
13795
13793
13792
13792
13792
13792
13792
13792
13792
13792
13792
13792
13792
13792
13792
13792
13792
13792
13792
13792
13792
13791
13791
13791
13791
13791
13791
13791
13791
13791
13791
13791
13791
13791
13791
13791
13791
13791
13791
13791
13791
13791
13791
13791
13791
13791
13791
13791
13791
13791
13791
13791
13791
13791
13791
13791
13791
13791
13791
13786
13786
13786
13786
13782
13782
13782
13781
13781
13781
13781
13781
13781
13781
13781
13781
13781
13781
13781
13781
13781
13781
13781
13781
13781
13781
13779
13779
13779
13779
13779
13779
13779
13779
13779
13779
13779
13779
13779
13779
13779
13779
13779
13779
13779
13779
13779
13779
13779
13779
13779
13779
13779
13779
13779
13779
13779
13779
13779
13779
13779
13779
13779
13779
13779
13779
13779
13779
13779
13779
13779
13779
13779
13779
13779
13779
13779
13779
13779
13779
13779
13779
13779
13779
13779
13779
13779
13779
13779
13779
13779
13779
13779
13779
13779
13779
13779
13779
13779
13779
13779
13779
13779
13779
13779
13779
13779
13768
13768
13768
13768
13768
13768
13768
13765
13765
13765
13764
13764
13764
13764
13764
13764
13764
13764
13764
13764
13764
13763
13763
13763
13763
13763
13763
13763
13763
13763
13761
13761
13761
13761
13761
13761
13761
13761
13761
13761
13761
13761
13761
13761
13761
13761
13761
13758
13758
13756
13756
13756
13756
13756
13756
13756
13756
13756
13743
13743
13743
13743
13743
13743
13743
13743
13743
13743
13742
13742
13742
13740
13740
13740
13739
13739
13739
13739
13739
13739
13739
13739
13739
13739
13739
13739
13739
13739
13739
13739
13739
13739
13739
13739
13739
13739
13739
13739
13739
13739
13739
13739
13739
13739
13739
13739
13739
13739
13739
13739
13739
13739
13739
13739
13739
13739
13739
13739
13739
13739
13739
13739
13739
13739
13739
13739
13739
13736
13736
13736
13736
13731
13731
13731
13731
13731
13731
13731
13731
13731
13731
13731
13731
13731
13731
13731
13731
13731
13729
13729
13729
13729
13716
13716
13716
13713
13713
13713
13713
13713
13713
13713
13713
13713
13713
13712
13712
13712
13712
13711
13711
13711
13711
13711
13711
13711
13711
13711
13711
13711
13711
13709
13709
13709
13709
13709
13709
13709
13709
13709
13709
13709
13709
13709
13709
13709
13709
13709
13706
13706
13706
13706
13706
13706
13706
13706
13706
13706
13706
13706
13706
13706
13706
13706
13706
13706
13706
13706
13706
13706
13706
13706
13706
13706
13706
13706
13706
13706
13706
13706
13706
13706
13706
13706
13706
13706
13706
13706
13706
13706
13706
13705
13705
13705
13702
13702
13702
13702
13702
13702
13702
13702
13702
13702
13700
13700
13700
13700
13700
13700
13700
13700
13700
13700
13700
13700
13700
13700
13700
13700
13700
13700
13700
13700
13700
13700
13700
13700
13700
13700
13700
13700
13700
13700
13700
13700
13700
13700
13700
13700
13700
13700
13700
13700
13700
13700
13700
13700
13700
13700
13700
13700
13700
13700
13700
13700
13700
13700
13700
13700
13700
13700
13700
13700
13700
13694
13694
13694
13694
13694
13694
13694
13694
13694
13694
13694
13694
13694
13694
13694
13694
13694
13694
13694
13694
13694
13694
13694
13694
13694
13694
13694
13694
13694
13694
13694
13694
13694
13694
13694
13694
13694
13694
13694
13694
13694
13694
13694
13694
13694
13694
13694
13694
13694
13694
13694
13694
13694
13694
13694
13694
13694
13694
13694
13694
13694
13694
13694
13689
13689
13689
13689
13689
13689
13689
13689
13689
13689
13689
13689
13689
13689
13689
